

0.840847 0 3.4109 0 0 0 0 0.0294297 0.878328 0 0 0 0 -0 0 0 0 0 0 6.46805 0 0 0.65951 0 2.32163 0 0 0 0 0 

0 0 3.08929 0 0 0 0 0 0.633914 0 0 0 0 0 0 0 0.761566 0 0 0 0 0.0266548 0.832694 0 -0 0 0 -0 0 0 
1.23155 0 4.99577 0 0 0 0 0 1.55272 0 0 0 0 0 0 0 0 0 0 9.47344 0 0.0431042 0.510594 0 7.28777 0 0 -0 0 0 
0 0 4.53306 0 0 8.59601 0 0 0.281003 0 7.41292 0 0 0 0 0 1.11749 0 0 0 0 0.0391119 1.59491 0 0 0 0 -0 0 0 
1.16873 0 4.74093 0 0 0 0 0 0.20776 0 0 0 0 0 0 0 0 0 0 8.99018 0 0.0409054 1.72511 0 8.33204 0 0 -0 0 0 
0.840116 0 3.40793 0 0 6.46243 0 0.0294041 0.579078 0 4.212 0 0 0.0244049 0.547262 0 0 0 0 0 0 0 0.959046 0 0 0 0 0 0 0 
0 0 3.97576 0 0 6.2427 0 0 1.19018 0 15.4765 0 0 0.140377 0 0 0.980094 0 0 3.37089 0 0.0343033 0.484501 0 0 0 0 0 3.14783 0 
1.22836 0 4.98284 0 0 6.51103 0 0 0 0 0 0 0 0 0 0 0 0 0 7.63851 0 0.0429926 1.97833 0 34.0801 0 0 0.297825 6.67849 0 
0 0 4.38582 0 0 7.1285 0 0.0378414 1.81008 0 31.8156 0 0 0.266663 5.97972 0 1.08119 0 0 5.57505 0 0 0 0 0 0 0 0 0 0 
1.45429 0 5.89931 0 0 10.883 0 0 0 0 0 0 0 0.498012 0 0 0 0 0 10.1127 0 0.0509 2.2366 0 55.4908 0 0 0 11.1676 0 
1.41662 0 5.7465 0 0 14.1993 0 0 0 0 0 0 0 0.537074 0 0 0 0 0 8.4533 0 0.0495815 2.19354 0 58.9489 0 0 0 12.0435 0 

0.753999 0 3.0586 0 0 1.92077 0 0.02639 0.665009 0 0 0 0 0.0187448 0.420336 0 0 0 0 0 0 0 0.760154 0 7.39468 0 0 0 0 0 
0.824506 0 3.34461 0 0 0 0 0 0.755015 0 0 0 0 0 0 0 0 0 0 6.34235 0 0.0288577 0.750823 0 2.3673 0 0 -0 0 0 
0.876589 0 3.55589 0 0 0 0 0.0306807 0.561839 0 0 0 0 0.105399 0 0 0 0 0 6.743 0 0 1.00003 0 18.5599 0 0 0 2.36348 0 
1.00621 0 4.08169 0 0 6.17277 0 0 1.49478 0 0 0 0 0.193007 4.32803 0 0 0 0 3.46662 0 0.0352174 0.208178 0 27.2146 0 0 0 0 0 

0 0 -0 0 0 -0 0 0 0.340695 0 -0 0 0 0 0 0 -0 0 0 0 0 -0 0.228527 0 0 0 0 -0 0 0 
0 0 4.96344 0 0 9.49106 0 0.0428252 0 0 7.27043 0 0 0 9.41993 0 1.22358 0 0 8.32249 0 0 1.945 0 41.5601 0 0 0.420078 0 0 
0 0 3.45274 0 0 9.45736 0 0 1.52528 0 4.59057 0 0 0 0 0 0.851163 0 0 0 0 0.0297907 0 0 23.0383 0 0 0.19879 4.45772 0 
0 0 2.91203 0 0 0 0 0.0251253 0.776807 0 0 0 0 -0 0 0 0.717866 0 0 0 0 0 0.609213 0 0 0 0 0 0 0 
0 0 4.16954 0 0 14.6838 0 0 0.618318 0 0 0 0 0 0 0 1.02787 0 0 0 0 0.0359753 1.14982 0 23.9986 0 0 0.0989061 2.2179 0 
1.15064 0 4.66755 0 0 5.47634 0 0.0402722 1.9096 0 44.9207 0 0 0.354489 0 0 0 0 0 9.39661 0 0 0 0 0 0 0 0 7.94915 0 
1.16393 0 4.72148 0 0 9.02477 0 0 0 0 0 0 0 0.356531 0 0 0 0 0 5.91329 0 0.0407376 1.92513 0 44.3987 0 0 0 7.99493 0 
1.00035 0 4.05789 0 0 0 0 0.035012 0.0349805 0 0 0 0 0.0803239 0 0 0 0 0 13.3379 0 0 1.68897 0 24.2799 0 0 0 1.80121 0 
0 0 4.0544 0 0 13.1664 0 0.0345618 0 0 0 0 0 0.081626 0 0 0.987479 0 0 0 0 0 1.68646 0 24.1319 0 0 0 1.83041 0 


1.03287 0 4.18981 0 0 0 0 0.0361502 1.77208 0 34.6614 0 0 0.221439 4.9656 0 0 0 0 14.2464 0 0 0 0 0 0 0 0 0 0 
0 0 4.23554 0 0 3.13438 0 0.0365448 0.316013 0 0 0 0 0.212723 0 0 1.04414 0 0 7.07407 0 0 1.43122 0 30.8041 0 0 0 4.77015 0 
0 0 3.57585 0 0 0 0 0 1.55948 0 1.96358 0 0 0 3.66157 0 0.881511 0 0 8.01373 0 0.0308529 0 0 23.69 0 0 0.163287 0 0 
1.44459 0 5.85995 0 0 4.85362 0 0.0505604 2.2303 0 48.7643 0 0 0 0 0 0 0 0 10.1188 0 0 0 0 0 0 0 0.357914 8.02594 0 
0 0 5.12771 0 0 4.07254 0 0.0253541 2.03109 0 42.1939 0 0 0 7.0199 0 1.26408 0 0 9.06769 0 0.0188885 0 0 0 0 0 0.31305 0 0 
0 0 3.92671 0 0 0 0 0.0338802 1.69635 0 32.7795 0 0 0 4.9565 0 0.968004 0 0 9.68004 0 0 0 0 0 0 0 0.221033 0 0 
0 0 3.57575 0 0 6.78066 0 0.030852 0.883727 0 18.1977 0 0 0 2.31736 0 0.881486 0 0 0 0 0 0.724532 0 0 0 0 0.103342 0 0 
0.745228 0 3.02302 0 0 0 0 0.026083 1.03777 0 0 0 0 -0 0 0 0 0 0 0 0 0 0.405687 0 -0 0 0 0 0 0 
0.995601 0 4.03866 0 0 11.0623 0 0 1.59222 0 0 0 0 -0 0 0 0 0 0 0 0 0.0348461 0.188074 0 10.3673 0 0 0 0 0 
0 0 3.85812 0 0 10.5678 0 0 0 0 0 0 0 0.209353 0 0 0.951096 0 0 0 0 0.0332884 1.70436 0 10.9469 0 0 0 0 0 

0.981513 0 3.98151 0 0 0 0 0 1.18546 0 10.7744 0 0 -0 0 0 0 0 0 10.9057 0 0.034353 0.549337 0 0 0 0 0 0 0 

0 0 3.98535 0 0 12.2808 0 0.0343861 1.15659 0 17.5892 0 0 0.00851923 0.191038 0 0.98246 0 0 0 0 0 0.559402 0 0 0 0 0 0 0 
0 0 3.9857 0 0 0 0 0.0343891 1.19634 0 17.9952 0 0 0.00830551 0 0 0.982545 0 0 12.2819 0 0 0.518994 0 0 0 0 0 0.186245 0 

0 0 5.60936 0 0 0 0 0.0483983 2.18072 0 15.3246 0 0 0 0 0 1.38281 0 0 18.4375 0 0 0 0 0 0 0 -0 0 0 
0 0 4.17863 0 0 3.0168 0 0.0360537 1.24289 0 0 0 0 0.208074 0 0 1.03011 0 0 7.08802 0 0 0.535385 0 30.1712 0 0 0 4.66589 0 
0 0 4.17098 0 0 11.3595 0 0.0359878 0 0 29.636 0 0 0.296256 0 0 1.02823 0 0 1.32742 0 0 1.77252 0 9.2121 0 0 0 6.6433 0 
0 0 3.9022 0 0 0.990283 0 0 1.69424 0 18.5219 0 0 0 0 0 0.961961 0 0 10.9105 0 0.0336687 0 0 17.8992 0 0 0.279252 6.26202 0 

1.27851 0 5.17216 0 0 15.9814 0 0 2.14575 0 51.2559 0 0 0.398125 8.92764 0 0 0 0 0 0 0.056313 0 0 0 0 0 0 0 0 
1.2409 0 5.03368 0 0 15.5112 0 0.0434312 1.5871 0 0 0 0 0.072865 0 0 0 0 0 0 0 0 0.429296 0 27.6335 0 0 0 1.63395 0 
0 0 -0 0 0 0 0 -0 0.566492 0 -0 0 0 0 -0 0 0 0 0 -0 0 0 0 0 0 0 0 -0 0 0 
1.00986 0 4.09648 0 0 12.6232 0 0 0.104715 0 0 0 0 0.30755 0 0 0 0 0 0 0 0.035345 1.64976 0 21.8988 0 0 0 6.89658 0 


0.953181 0 3.86658 0 0 0 0 0.0333614 1.68763 0 20.8635 0 0 0.039236 0.864103 0 0 0 0 11.9148 0 0 0 0 0 0 0 0 0 0 
1.13273 0 4.59491 0 0 14.1591 0 0 0.129684 0 0 0 0 0 1.41109 0 0 0 0 0 0 0.0396455 1.7693 0 25.611 0 0 0.062927 0 0 
0 0 3.91721 0 0 12.0708 0 0.0337982 0.933479 0 0 0 0 0.0419072 0 0 0.965661 0 0 0 0 0 0.760798 0 21.3316 0 0 0 0.939737 0 
0 0 4.06328 0 0 3.45303 0 0.0350585 0 0 28.9328 0 0 0.143626 3.22069 0 1.00168 0 0 9.67239 0 0 1.73719 0 0 0 0 0 0 0 


0.963284 0 3.90757 0 0 12.4295 0 0 0 0 0 0 0 0 1.01927 0 0 0 0 0 0 0.033715 1.69952 0 21.2964 0 0 0.0454539 0 0 
0.963284 0 3.90757 0 0 12.4295 0 0.033715 1.69952 0 21.3741 0 0 0.0460618 0 0 0 0 0 0 0 0 0 0 0 0 0 0 1.0329 0 




0.998008 0 4.04842 0 0 0 0 0.0349303 1.74036 0 23.6455 0 0 0.0658307 0 0 0 0 0 12.8776 0 0 0 0 0 0 0 0 1.47621 0 
0.998008 0 4.04842 0 0 12.8776 0 0 0 0 0 0 0 0.0661927 1.48432 0 0 0 0 0 0 0.0349303 1.74036 0 23.67 0 0 0 0 0 
1.31997 0 5.7388 0 0 17.0319 0 0.0461989 1.94058 0 31.3233 0 0 0 1.93811 0 0 0 0 0 0 0 0 0 0 0 0 0.0864288 0 0 

0.970091 0 3.93518 0 0 5.04936 0 0 0 0 0 0 0 0.0769342 0 0 0 0 0 7.49818 0 0.0339532 1.70752 0 23.9392 0 0 0 1.7252 0 
0 0 13.0142 0 0 0 0 0 2.89991 0 0 0 0 0.179919 4.03454 0 2.73732 0 0 35.3202 0 0.095806 0 0 65.0237 0 0 0 0 0 
0 0 3.93388 0 0 4.7557 0 0.0339421 1.70715 0 23.9412 0 0 0.0777989 1.74459 0 0.969772 0 0 7.78891 0 0 0 0 0 0 0 0 0 0 


0.985025 0 3.99576 0 0 0 0 0.0344759 1.72866 0 21.9705 0 0 0 1.00853 0 0 0 0 12.3129 0 0 0 0 0 0 0 0.0449748 0 0 
1.01985 0 4.13701 0 0 0 0 0 0 0 0 0 0 0 0 0 0 0 0 12.7481 0 0.0356946 1.76973 0 22.6118 0 0 0.0456437 1.02353 0 
0.959048 0 3.89038 0 0 11.9881 0 0.0335667 1.69802 0 21.259 0 0 0 0 0 0 0 0 0 0 0 0 0 0 0 0 0.0430403 0.965146 0 
0 0 3.91068 0 0 0 0 0.0337418 1.70392 0 21.8816 0 0 0.0503465 1.12899 0 0.964051 0 0 12.242 0 0 0 0 0 0 0 0 0 0 




0.964051 0 3.91068 0 0 0 0 0 0 0 0 0 0 0.104867 2.35156 0 0 0 0 12.242 0 0.0337418 1.70392 0 25.6761 0 0 0 0 0 
0 0 4.05368 0 0 12.6896 0 0 0 0 0 0 0 0 1.62247 0 0.999305 0 0 0 0 0.0349757 1.74707 0 24.1249 0 0 0.0723532 0 0 
0 0 3.86685 0 0 11.8941 0 0.0333636 1.68771 0 21.1023 0 0 0.0420308 0.942508 0 0.953246 0 0 0.0221854 0 0 0 0 0 0 0 0 0 0 

0 0 4.04194 0 0 12.857 0 0 0.801873 0 0 0 0 0.101371 2.27316 0 0.99641 0 0 0 0 0.0348744 0.937055 0 25.9068 0 0 0 0 0 
0 0 7.47886 0 0 0 0 0 0 0 0 0 0 0.0891987 2.00022 0 1.65703 0 0 21.0416 0 0.0579958 2.16392 0 37.9435 0 0 0 0 0 
3.03674 0 14.5175 0 0 38.5618 0 0 0 0 0 0 0 0.167813 3.76308 0 0 0 0 0 0 0.106286 3.12212 0 69.9019 0 0 0 0 0 

0 0 3.9795 0 0 0 0 0.0343356 0.994045 0 0 0 0 0.0642058 1.43977 0 0.981017 0 0 12.6583 0 0 0.722091 0 22.9646 0 0 0 0 0 


0 0 4.22028 0 0 9.80166 0 0.0364131 0 0 0 0 0 0.129801 0 0 1.04038 0 0 3.78061 0 0 1.78631 0 28.5646 0 0 0 2.91068 0 
0 0 3.94632 0 0 10.3163 0 0 1.70712 0 27.1451 0 0 0 2.86624 0 0.972837 0 0 2.40285 0 0.0340493 0 0 0 0 0 0.127819 0 0 
0 0 15.5399 0 0 0 0 0 3.3332 0 78.3332 0 0 0 0 0 3.26644 0 0 42.1477 0 0.114326 0 0 0 0 0 0.233469 5.23535 0 
0.978041 0 3.96743 0 0 12.4196 0 0.0342315 0 0 28.9411 0 0 0 0 0 0 0 0 0 0 0 1.72089 0 0 0 0 0.148877 3.33844 0 
0 0 3.96743 0 0 0 0 0.0342315 0 0 28.768 0 0 0 3.29404 0 0.978041 0 0 12.4196 0 0 1.72089 0 0 0 0 0.146897 0 0 
0 0 3.91068 0 0 12.242 0 0 0 0 0 0 0 0.118085 2.64795 0 0.964051 0 0 0 0 0.0337418 1.70392 0 26.5629 0 0 0 0 0 
0 0 3.91068 0 0 0 0 0.0337418 1.70392 0 26.5644 0 0 0 2.63159 0 0.964051 0 0 12.242 0 0 0 0 0 0 0 0.117355 0 0 
0 0 60.4703 0 0 0 0 0.419399 9.19726 0 281.401 0 0 0.737711 16.5426 0 11.9829 0 0 152.163 0 0 0 0 0 0 0 0 0 0 




0 0 71.8692 0 0 0 0 0 0 0 0 0 0 0 0 0 14.2002 0 0 180.32 0 0.497007 10.688 0 326.944 0 0 0.783014 17.5585 0 


0.96588 0 3.91809 0 0 0 0 0.0338058 0 0 30.1459 0 0 0.170541 0 0 0 0 0 12.2652 0 0 1.70715 0 0 0 0 0 3.82426 0 
0 0 3.96413 0 0 12.4093 0 0 0 0 0 0 0 0 1.21471 0 0.977228 0 0 0 0 0.034203 1.71946 0 22.4247 0 0 0.0541694 0 0 
0 0 3.96413 0 0 0 0 0 0 0 0 0 0 0 0 0 0.977228 0 0 12.4093 0 0.034203 1.71946 0 22.46 0 0 0.0544321 1.2206 0 
0.982822 0 3.98682 0 0 12.4803 0 0 0 0 0 -0 0 -0 0 0 0 0 0 0 0 0.0343988 1.7269 0 0 0 0 0 0 0 
0.982822 0 3.98682 0 0 12.4803 0 0 0 0 0 0 0 0 0 0 0 0 0 0 0 0.0343988 1.7269 0 0 -0 0 -0 0 0 
0.965451 0 3.91635 0 0 0 0 0.0337908 1.70639 0 0 0 0 0 0 0 0 0 0 12.2597 0 0 0 0 0 -0 0 -0 0 0 



0 0 3.91589 0 0 0 0 0 0 0 0 0 0 0 0 0 0.965335 0 0 12.3071 0 0.0337868 1.70543 0 0 -0 0 -0 0 0 
0 0 3.91589 0 0 0 0 0.0337868 1.70543 0 0 0 0 -0 0 0 0.965335 0 0 12.3071 0 0 0 0 0 -0 0 0 0 0 

0 0 3.97466 0 0 12.4918 0 0 0 0 0 -0 0 -0 0 0 0.979825 0 0 0 0 0.0342939 1.72253 0 0 0 0 0 0 0 

0 0 3.91068 0 0 0 0 0 0 0 0 0 0 0.0527771 0 0 0.964051 0 0 12.242 0 0.0337418 1.70392 0 22.181 0 0 0 1.18349 0 
0 0 -0 0 0 0 0 0 0 0 0 0 0 0 0 0 0 0 0 -0 0 -0 0.566814 0 -0 0 0 -0 -0 0 

0 0 -0 0 0 0 0 0 0 0 0 0 0 0 0 0 0 0 0 -0 0 -0 0.566814 0 -0 0 0 -0 -0 0 
0 0 -0 0 0 0 0 0 0 0 0 -0 0 0 0 0 0 0 0 -0 0 -0 0.566855 0 0 0 0 -0 0 0 
0.965389 0 3.9161 0 0 0 0 0 0 0 0 -0 0 -0 0 0 0 0 0 12.2833 0 0.0337887 1.70591 0 0 0 0 0 0 0 



0.974835 0 3.95442 0 0 12.4035 0 0 0 0 0 -0 0 0 0 0 0 0 0 0 0 0.0341193 1.71705 0 0 0 0 -0 0 0 
0 0 3.97679 0 0 12.4737 0 0 0 0 0 -0 0 0 0 0 0.980348 0 0 0 0 0.0343122 1.72356 0 0 0 0 -0 0 0 

0.972793 0 3.94614 0 0 0 0 0.0340478 1.71464 0 0 -0 0 0 0 0 0 0 0 12.3775 0 0 0 0 0 0 0 -0 0 0 
0 0 3.97495 0 0 12.4679 0 0.0342964 1.72302 0 0 0 0 0 0 0 0.979895 0 0 0 0 0 0 0 0 -0 0 -0 0 0 
0.965389 0 3.9161 0 0 0 0 0.0337887 1.70591 0 0 -0 0 -0 0 0 0 0 0 12.2833 0 0 0 0 0 0 0 0 0 0 



0.964691 0 3.91327 0 0 12.2744 0 0.0337642 1.70468 0 22.3152 0 0 0 0 0 0 0 0 0 0 0 0 0 0 0 0 0.054216 1.21576 0 
0 0 3.91589 0 0 12.3071 0 0 0 0 0 0 0 0 0 0 0.965335 0 0 0 0 0.0337868 1.70543 0 22.6885 0 0 0.0596914 1.33854 0 

0 0 3.91327 0 0 12.2744 0 0 0 0 0 0 0 0 0 0 0.964691 0 0 0 0 0.0337642 1.70468 0 22.3176 0 0 0.0544135 1.22018 0 
0 0 61.6257 0 0 0 0 0.427238 9.33896 0 282.409 0 0 0 0 0 12.2068 0 0 155.315 0 0 0 0 0 0 0 0.686648 15.3976 0 
0 0 4.13701 0 0 0 0 0 0 0 0 0 0 0 0 0 1.01985 0 0 12.7481 0 0.0356946 1.76973 0 40.4881 0 0 0.310593 6.96481 0 
0.972972 0 3.94686 0 0 5.70099 0 0.034054 1.71091 0 0 0 0 0 0 0 0 0 0 6.76154 0 0 0 0 23.8663 0 0 0.0779997 1.74909 0 
0 0 3.93442 0 0 7.99983 0 0 0 0 0 0 0 0 1.62691 0 0.969905 0 0 4.44341 0 0.0339467 1.7073 0 23.5105 0 0 0.0725511 0 0 
0.990652 0 4.01858 0 0 0 0 0 0 0 0 0 0 0.060757 0 0 0 0 0 12.6804 0 0.0346729 1.73347 0 23.1903 0 0 0 1.36243 0 
0.963598 0 3.90884 0 0 0 0 0 0 0 0 0 0 0 2.13748 0 0 0 0 12.3341 0 0.033726 1.70161 0 25.0398 0 0 0.0953197 0 0 

0 0 3.9356 0 0 0 0 0.0339568 1.70938 0 25.2832 0 0 0.0973166 2.18225 0 0.970194 0 0 12.4185 0 0 0 0 0 0 0 0 0 0 
0.99387 0 4.03164 0 0 12.7216 0 0.0347855 0 0 0 0 0 0 0 0 0 0 0 0 0 0 1.73752 0 27.7164 0 0 0.126296 2.83209 0 
0 0 3.94177 0 0 12.438 0 0.0340101 1.71206 0 23.2885 0 0 0.0673056 1.50928 0 0.971717 0 0 0 0 0 0 0 0 0 0 0 0 0 
0.985405 0 3.9973 0 0 12.563 0 0.0344892 0 0 0 0 0 0.132814 0 0 0 0 0 0 0 0 1.72846 0 28.0322 0 0 0 2.97825 0 
0 0 3.90969 0 0 12.2876 0 0 0 0 0 0 0 0 0 0 0.963807 0 0 0 0 0.0337333 1.70273 0 22.3192 0 0 0.0551344 1.23635 0 

0.980301 0 3.97659 0 0 0 0 0.0343106 1.72263 0 22.7787 0 0 0 0 0 0 0 0 12.4979 0 0 0 0 0 0 0 0.0568774 1.27544 0 
0 0 22.2452 0 0 0 0 0 0 0 0 0 0 0 6.43052 0 4.53627 0 0 57.9484 0 0.15877 4.12974 0 107.1 0 0 0.286767 0 0 

0.968347 0 3.9281 0 0 12.3455 0 0.0338922 0 0 22.5121 0 0 0 1.25714 0 0 0 0 0 0 0 1.70883 0 0 0 0 0.0560613 0 0 
8.9416 0 44.8604 0 0 113.997 0 0.312956 7.12138 0 207.699 0 0 0 11.5507 0 0 0 0 0 0 0 0 0 0 0 0 0.515096 0 0 


0.840847 0 3.4109 0 0 0 0 0.0294297 0.878328 0 0 0 0 -0 0 0 0 0 0 6.46805 0 0 0.65951 0 2.32163 0 0 0 0 0 

0 0 3.08929 0 0 0 0 0 0.633914 0 0 0 0 0 0 0 0.761566 0 0 0 0 0.0266548 0.832694 0 -0 0 0 -0 0 0 
1.23155 0 4.99577 0 0 0 0 0 1.55272 0 0 0 0 0 0 0 0 0 0 9.47344 0 0.0431042 0.510594 0 7.28777 0 0 -0 0 0 
0 0 4.53306 0 0 8.59601 0 0 0.281003 0 7.41292 0 0 0 0 0 1.11749 0 0 0 0 0.0391119 1.59491 0 0 0 0 -0 0 0 
1.16873 0 4.74093 0 0 0 0 0 0.20776 0 0 0 0 0 0 0 0 0 0 8.99018 0 0.0409054 1.72511 0 8.33204 0 0 -0 0 0 
0.840116 0 3.40793 0 0 6.46243 0 0.0294041 0.579078 0 4.212 0 0 0.0244049 0.547262 0 0 0 0 0 0 0 0.959046 0 0 0 0 0 0 0 
0 0 3.97576 0 0 6.2427 0 0 1.19018 0 15.4765 0 0 0.140377 0 0 0.980094 0 0 3.37089 0 0.0343033 0.484501 0 0 0 0 0 3.14783 0 
1.22836 0 4.98284 0 0 6.51103 0 0 0 0 0 0 0 0 0 0 0 0 0 7.63851 0 0.0429926 1.97833 0 34.0801 0 0 0.297825 6.67849 0 
0 0 4.38582 0 0 7.1285 0 0.0378414 1.81008 0 31.8156 0 0 0.266663 5.97972 0 1.08119 0 0 5.57505 0 0 0 0 0 0 0 0 0 0 
1.45429 0 5.89931 0 0 10.883 0 0 0 0 0 0 0 0.498012 0 0 0 0 0 10.1127 0 0.0509 2.2366 0 55.4908 0 0 0 11.1676 0 
1.41662 0 5.7465 0 0 14.1993 0 0 0 0 0 0 0 0.537074 0 0 0 0 0 8.4533 0 0.0495815 2.19354 0 58.9489 0 0 0 12.0435 0 

0.753999 0 3.0586 0 0 1.92077 0 0.02639 0.665009 0 0 0 0 0.0187448 0.420336 0 0 0 0 0 0 0 0.760154 0 7.39468 0 0 0 0 0 
0.824506 0 3.34461 0 0 0 0 0 0.755015 0 0 0 0 0 0 0 0 0 0 6.34235 0 0.0288577 0.750823 0 2.3673 0 0 -0 0 0 
0.876589 0 3.55589 0 0 0 0 0.0306807 0.561839 0 0 0 0 0.105399 0 0 0 0 0 6.743 0 0 1.00003 0 18.5599 0 0 0 2.36348 0 
1.00621 0 4.08169 0 0 6.17277 0 0 1.49478 0 0 0 0 0.193007 4.32803 0 0 0 0 3.46662 0 0.0352174 0.208178 0 27.2146 0 0 0 0 0 

0 0 -0 0 0 -0 0 0 0.340695 0 -0 0 0 0 0 0 -0 0 0 0 0 -0 0.228527 0 0 0 0 -0 0 0 
0 0 4.96344 0 0 9.49106 0 0.0428252 0 0 7.27043 0 0 0 9.41993 0 1.22358 0 0 8.32249 0 0 1.945 0 41.5601 0 0 0.420078 0 0 
0 0 3.45274 0 0 9.45736 0 0 1.52528 0 4.59057 0 0 0 0 0 0.851163 0 0 0 0 0.0297907 0 0 23.0383 0 0 0.19879 4.45772 0 
0 0 2.91203 0 0 0 0 0.0251253 0.776807 0 0 0 0 -0 0 0 0.717866 0 0 0 0 0 0.609213 0 0 0 0 0 0 0 
0 0 4.16954 0 0 14.6838 0 0 0.618318 0 0 0 0 0 0 0 1.02787 0 0 0 0 0.0359753 1.14982 0 23.9986 0 0 0.0989061 2.2179 0 
1.15064 0 4.66755 0 0 5.47634 0 0.0402722 1.9096 0 44.9207 0 0 0.354489 0 0 0 0 0 9.39661 0 0 0 0 0 0 0 0 7.94915 0 
1.16393 0 4.72148 0 0 9.02477 0 0 0 0 0 0 0 0.356531 0 0 0 0 0 5.91329 0 0.0407376 1.92513 0 44.3987 0 0 0 7.99493 0 
1.00035 0 4.05789 0 0 0 0 0.035012 0.0349805 0 0 0 0 0.0803239 0 0 0 0 0 13.3379 0 0 1.68897 0 24.2799 0 0 0 1.80121 0 
0 0 4.0544 0 0 13.1664 0 0.0345618 0 0 0 0 0 0.081626 0 0 0.987479 0 0 0 0 0 1.68646 0 24.1319 0 0 0 1.83041 0 


1.03287 0 4.18981 0 0 0 0 0.0361502 1.77208 0 34.6614 0 0 0.221439 4.9656 0 0 0 0 14.2464 0 0 0 0 0 0 0 0 0 0 
0 0 4.23554 0 0 3.13438 0 0.0365448 0.316013 0 0 0 0 0.212723 0 0 1.04414 0 0 7.07407 0 0 1.43122 0 30.8041 0 0 0 4.77015 0 
0 0 3.57585 0 0 0 0 0 1.55948 0 1.96358 0 0 0 3.66157 0 0.881511 0 0 8.01373 0 0.0308529 0 0 23.69 0 0 0.163287 0 0 
1.44459 0 5.85995 0 0 4.85362 0 0.0505604 2.2303 0 48.7643 0 0 0 0 0 0 0 0 10.1188 0 0 0 0 0 0 0 0.357914 8.02594 0 
0 0 5.12771 0 0 4.07254 0 0.0253541 2.03109 0 42.1939 0 0 0 7.0199 0 1.26408 0 0 9.06769 0 0.0188885 0 0 0 0 0 0.31305 0 0 
0 0 3.92671 0 0 0 0 0.0338802 1.69635 0 32.7795 0 0 0 4.9565 0 0.968004 0 0 9.68004 0 0 0 0 0 0 0 0.221033 0 0 
0 0 3.57575 0 0 6.78066 0 0.030852 0.883727 0 18.1977 0 0 0 2.31736 0 0.881486 0 0 0 0 0 0.724532 0 0 0 0 0.103342 0 0 
0.745228 0 3.02302 0 0 0 0 0.026083 1.03777 0 0 0 0 -0 0 0 0 0 0 0 0 0 0.405687 0 -0 0 0 0 0 0 
0.995601 0 4.03866 0 0 11.0623 0 0 1.59222 0 0 0 0 -0 0 0 0 0 0 0 0 0.0348461 0.188074 0 10.3673 0 0 0 0 0 
0 0 3.85812 0 0 10.5678 0 0 0 0 0 0 0 0.209353 0 0 0.951096 0 0 0 0 0.0332884 1.70436 0 10.9469 0 0 0 0 0 

0.981513 0 3.98151 0 0 0 0 0 1.18546 0 10.7744 0 0 -0 0 0 0 0 0 10.9057 0 0.034353 0.549337 0 0 0 0 0 0 0 

0 0 3.98535 0 0 12.2808 0 0.0343861 1.15659 0 17.5892 0 0 0.00851923 0.191038 0 0.98246 0 0 0 0 0 0.559402 0 0 0 0 0 0 0 
0 0 3.9857 0 0 0 0 0.0343891 1.19634 0 17.9952 0 0 0.00830551 0 0 0.982545 0 0 12.2819 0 0 0.518994 0 0 0 0 0 0.186245 0 

0 0 5.60936 0 0 0 0 0.0483983 2.18072 0 15.3246 0 0 0 0 0 1.38281 0 0 18.4375 0 0 0 0 0 0 0 -0 0 0 
0 0 4.17863 0 0 3.0168 0 0.0360537 1.24289 0 0 0 0 0.208074 0 0 1.03011 0 0 7.08802 0 0 0.535385 0 30.1712 0 0 0 4.66589 0 
0 0 4.17098 0 0 11.3595 0 0.0359878 0 0 29.636 0 0 0.296256 0 0 1.02823 0 0 1.32742 0 0 1.77252 0 9.2121 0 0 0 6.6433 0 
0 0 3.9022 0 0 0.990283 0 0 1.69424 0 18.5219 0 0 0 0 0 0.961961 0 0 10.9105 0 0.0336687 0 0 17.8992 0 0 0.279252 6.26202 0 

1.27851 0 5.17216 0 0 15.9814 0 0 2.14575 0 51.2559 0 0 0.398125 8.92764 0 0 0 0 0 0 0.056313 0 0 0 0 0 0 0 0 
1.2409 0 5.03368 0 0 15.5112 0 0.0434312 1.5871 0 0 0 0 0.072865 0 0 0 0 0 0 0 0 0.429296 0 27.6335 0 0 0 1.63395 0 
0 0 -0 0 0 0 0 -0 0.566492 0 -0 0 0 0 -0 0 0 0 0 -0 0 0 0 0 0 0 0 -0 0 0 
1.00986 0 4.09648 0 0 12.6232 0 0 0.104715 0 0 0 0 0.30755 0 0 0 0 0 0 0 0.035345 1.64976 0 21.8988 0 0 0 6.89658 0 


0.953181 0 3.86658 0 0 0 0 0.0333614 1.68763 0 20.8635 0 0 0.039236 0.864103 0 0 0 0 11.9148 0 0 0 0 0 0 0 0 0 0 
1.13273 0 4.59491 0 0 14.1591 0 0 0.129684 0 0 0 0 0 1.41109 0 0 0 0 0 0 0.0396455 1.7693 0 25.611 0 0 0.062927 0 0 
0 0 3.91721 0 0 12.0708 0 0.0337982 0.933479 0 0 0 0 0.0419072 0 0 0.965661 0 0 0 0 0 0.760798 0 21.3316 0 0 0 0.939737 0 
0 0 4.06328 0 0 3.45303 0 0.0350585 0 0 28.9328 0 0 0.143626 3.22069 0 1.00168 0 0 9.67239 0 0 1.73719 0 0 0 0 0 0 0 


0.963284 0 3.90757 0 0 12.4295 0 0 0 0 0 0 0 0 1.01927 0 0 0 0 0 0 0.033715 1.69952 0 21.2964 0 0 0.0454539 0 0 
0.963284 0 3.90757 0 0 12.4295 0 0.033715 1.69952 0 21.3741 0 0 0.0460618 0 0 0 0 0 0 0 0 0 0 0 0 0 0 1.0329 0 




0.998008 0 4.04842 0 0 0 0 0.0349303 1.74036 0 23.6455 0 0 0.0658307 0 0 0 0 0 12.8776 0 0 0 0 0 0 0 0 1.47621 0 
0.998008 0 4.04842 0 0 12.8776 0 0 0 0 0 0 0 0.0661927 1.48432 0 0 0 0 0 0 0.0349303 1.74036 0 23.67 0 0 0 0 0 
1.31997 0 5.7388 0 0 17.0319 0 0.0461989 1.94058 0 31.3233 0 0 0 1.93811 0 0 0 0 0 0 0 0 0 0 0 0 0.0864288 0 0 

0.970091 0 3.93518 0 0 5.04936 0 0 0 0 0 0 0 0.0769342 0 0 0 0 0 7.49818 0 0.0339532 1.70752 0 23.9392 0 0 0 1.7252 0 
0 0 13.0142 0 0 0 0 0 2.89991 0 0 0 0 0.179919 4.03454 0 2.73732 0 0 35.3202 0 0.095806 0 0 65.0237 0 0 0 0 0 
0 0 3.93388 0 0 4.7557 0 0.0339421 1.70715 0 23.9412 0 0 0.0777989 1.74459 0 0.969772 0 0 7.78891 0 0 0 0 0 0 0 0 0 0 


0.985025 0 3.99576 0 0 0 0 0.0344759 1.72866 0 21.9705 0 0 0 1.00853 0 0 0 0 12.3129 0 0 0 0 0 0 0 0.0449748 0 0 
1.01985 0 4.13701 0 0 0 0 0 0 0 0 0 0 0 0 0 0 0 0 12.7481 0 0.0356946 1.76973 0 22.6118 0 0 0.0456437 1.02353 0 
0.959048 0 3.89038 0 0 11.9881 0 0.0335667 1.69802 0 21.259 0 0 0 0 0 0 0 0 0 0 0 0 0 0 0 0 0.0430403 0.965146 0 
0 0 3.91068 0 0 0 0 0.0337418 1.70392 0 21.8816 0 0 0.0503465 1.12899 0 0.964051 0 0 12.242 0 0 0 0 0 0 0 0 0 0 




0.964051 0 3.91068 0 0 0 0 0 0 0 0 0 0 0.104867 2.35156 0 0 0 0 12.242 0 0.0337418 1.70392 0 25.6761 0 0 0 0 0 
0 0 4.05368 0 0 12.6896 0 0 0 0 0 0 0 0 1.62247 0 0.999305 0 0 0 0 0.0349757 1.74707 0 24.1249 0 0 0.0723532 0 0 
0 0 3.86685 0 0 11.8941 0 0.0333636 1.68771 0 21.1023 0 0 0.0420308 0.942508 0 0.953246 0 0 0.0221854 0 0 0 0 0 0 0 0 0 0 

0 0 4.04194 0 0 12.857 0 0 0.801873 0 0 0 0 0.101371 2.27316 0 0.99641 0 0 0 0 0.0348744 0.937055 0 25.9068 0 0 0 0 0 
0 0 7.47886 0 0 0 0 0 0 0 0 0 0 0.0891987 2.00022 0 1.65703 0 0 21.0416 0 0.0579958 2.16392 0 37.9435 0 0 0 0 0 
3.03674 0 14.5175 0 0 38.5618 0 0 0 0 0 0 0 0.167813 3.76308 0 0 0 0 0 0 0.106286 3.12212 0 69.9019 0 0 0 0 0 

0 0 3.9795 0 0 0 0 0.0343356 0.994045 0 0 0 0 0.0642058 1.43977 0 0.981017 0 0 12.6583 0 0 0.722091 0 22.9646 0 0 0 0 0 


0 0 4.22028 0 0 9.80166 0 0.0364131 0 0 0 0 0 0.129801 0 0 1.04038 0 0 3.78061 0 0 1.78631 0 28.5646 0 0 0 2.91068 0 
0 0 3.94632 0 0 10.3163 0 0 1.70712 0 27.1451 0 0 0 2.86624 0 0.972837 0 0 2.40285 0 0.0340493 0 0 0 0 0 0.127819 0 0 
0 0 15.5399 0 0 0 0 0 3.3332 0 78.3332 0 0 0 0 0 3.26644 0 0 42.1477 0 0.114326 0 0 0 0 0 0.233469 5.23535 0 
0.978041 0 3.96743 0 0 12.4196 0 0.0342315 0 0 28.9411 0 0 0 0 0 0 0 0 0 0 0 1.72089 0 0 0 0 0.148877 3.33844 0 
0 0 3.96743 0 0 0 0 0.0342315 0 0 28.768 0 0 0 3.29404 0 0.978041 0 0 12.4196 0 0 1.72089 0 0 0 0 0.146897 0 0 
0 0 3.91068 0 0 12.242 0 0 0 0 0 0 0 0.118085 2.64795 0 0.964051 0 0 0 0 0.0337418 1.70392 0 26.5629 0 0 0 0 0 
0 0 3.91068 0 0 0 0 0.0337418 1.70392 0 26.5644 0 0 0 2.63159 0 0.964051 0 0 12.242 0 0 0 0 0 0 0 0.117355 0 0 
0 0 60.4703 0 0 0 0 0.419399 9.19726 0 281.401 0 0 0.737711 16.5426 0 11.9829 0 0 152.163 0 0 0 0 0 0 0 0 0 0 




0 0 71.8692 0 0 0 0 0 0 0 0 0 0 0 0 0 14.2002 0 0 180.32 0 0.497007 10.688 0 326.944 0 0 0.783014 17.5585 0 


0.96588 0 3.91809 0 0 0 0 0.0338058 0 0 30.1459 0 0 0.170541 0 0 0 0 0 12.2652 0 0 1.70715 0 0 0 0 0 3.82426 0 
0 0 3.96413 0 0 12.4093 0 0 0 0 0 0 0 0 1.21471 0 0.977228 0 0 0 0 0.034203 1.71946 0 22.4247 0 0 0.0541694 0 0 
0 0 3.96413 0 0 0 0 0 0 0 0 0 0 0 0 0 0.977228 0 0 12.4093 0 0.034203 1.71946 0 22.46 0 0 0.0544321 1.2206 0 
0.982822 0 3.98682 0 0 12.4803 0 0 0 0 0 -0 0 -0 0 0 0 0 0 0 0 0.0343988 1.7269 0 0 0 0 0 0 0 
0.982822 0 3.98682 0 0 12.4803 0 0 0 0 0 0 0 0 0 0 0 0 0 0 0 0.0343988 1.7269 0 0 -0 0 -0 0 0 
0.965451 0 3.91635 0 0 0 0 0.0337908 1.70639 0 0 0 0 0 0 0 0 0 0 12.2597 0 0 0 0 0 -0 0 -0 0 0 



0 0 3.91589 0 0 0 0 0 0 0 0 0 0 0 0 0 0.965335 0 0 12.3071 0 0.0337868 1.70543 0 0 -0 0 -0 0 0 
0 0 3.91589 0 0 0 0 0.0337868 1.70543 0 0 0 0 -0 0 0 0.965335 0 0 12.3071 0 0 0 0 0 -0 0 0 0 0 

0 0 3.97466 0 0 12.4918 0 0 0 0 0 -0 0 -0 0 0 0.979825 0 0 0 0 0.0342939 1.72253 0 0 0 0 0 0 0 

0 0 3.91068 0 0 0 0 0 0 0 0 0 0 0.0527771 0 0 0.964051 0 0 12.242 0 0.0337418 1.70392 0 22.181 0 0 0 1.18349 0 
0 0 -0 0 0 0 0 0 0 0 0 0 0 0 0 0 0 0 0 -0 0 -0 0.566814 0 -0 0 0 -0 -0 0 

0 0 -0 0 0 0 0 0 0 0 0 0 0 0 0 0 0 0 0 -0 0 -0 0.566814 0 -0 0 0 -0 -0 0 
0 0 -0 0 0 0 0 0 0 0 0 -0 0 0 0 0 0 0 0 -0 0 -0 0.566855 0 0 0 0 -0 0 0 
0.965389 0 3.9161 0 0 0 0 0 0 0 0 -0 0 -0 0 0 0 0 0 12.2833 0 0.0337887 1.70591 0 0 0 0 0 0 0 



0.974835 0 3.95442 0 0 12.4035 0 0 0 0 0 -0 0 0 0 0 0 0 0 0 0 0.0341193 1.71705 0 0 0 0 -0 0 0 
0 0 3.97679 0 0 12.4737 0 0 0 0 0 -0 0 0 0 0 0.980348 0 0 0 0 0.0343122 1.72356 0 0 0 0 -0 0 0 

0.972793 0 3.94614 0 0 0 0 0.0340478 1.71464 0 0 -0 0 0 0 0 0 0 0 12.3775 0 0 0 0 0 0 0 -0 0 0 
0 0 3.97495 0 0 12.4679 0 0.0342964 1.72302 0 0 0 0 0 0 0 0.979895 0 0 0 0 0 0 0 0 -0 0 -0 0 0 
0.965389 0 3.9161 0 0 0 0 0.0337887 1.70591 0 0 -0 0 -0 0 0 0 0 0 12.2833 0 0 0 0 0 0 0 0 0 0 



0.964691 0 3.91327 0 0 12.2744 0 0.0337642 1.70468 0 22.3152 0 0 0 0 0 0 0 0 0 0 0 0 0 0 0 0 0.054216 1.21576 0 
0 0 3.91589 0 0 12.3071 0 0 0 0 0 0 0 0 0 0 0.965335 0 0 0 0 0.0337868 1.70543 0 22.6885 0 0 0.0596914 1.33854 0 

0 0 3.91327 0 0 12.2744 0 0 0 0 0 0 0 0 0 0 0.964691 0 0 0 0 0.0337642 1.70468 0 22.3176 0 0 0.0544135 1.22018 0 
0 0 61.6257 0 0 0 0 0.427238 9.33896 0 282.409 0 0 0 0 0 12.2068 0 0 155.315 0 0 0 0 0 0 0 0.686648 15.3976 0 
0 0 4.13701 0 0 0 0 0 0 0 0 0 0 0 0 0 1.01985 0 0 12.7481 0 0.0356946 1.76973 0 40.4881 0 0 0.310593 6.96481 0 
0.972972 0 3.94686 0 0 5.70099 0 0.034054 1.71091 0 0 0 0 0 0 0 0 0 0 6.76154 0 0 0 0 23.8663 0 0 0.0779997 1.74909 0 
0 0 3.93442 0 0 7.99983 0 0 0 0 0 0 0 0 1.62691 0 0.969905 0 0 4.44341 0 0.0339467 1.7073 0 23.5105 0 0 0.0725511 0 0 
0.990652 0 4.01858 0 0 0 0 0 0 0 0 0 0 0.060757 0 0 0 0 0 12.6804 0 0.0346729 1.73347 0 23.1903 0 0 0 1.36243 0 
0.963598 0 3.90884 0 0 0 0 0 0 0 0 0 0 0 2.13748 0 0 0 0 12.3341 0 0.033726 1.70161 0 25.0398 0 0 0.0953197 0 0 

0 0 3.9356 0 0 0 0 0.0339568 1.70938 0 25.2832 0 0 0.0973166 2.18225 0 0.970194 0 0 12.4185 0 0 0 0 0 0 0 0 0 0 
0.99387 0 4.03164 0 0 12.7216 0 0.0347855 0 0 0 0 0 0 0 0 0 0 0 0 0 0 1.73752 0 27.7164 0 0 0.126296 2.83209 0 
0 0 3.94177 0 0 12.438 0 0.0340101 1.71206 0 23.2885 0 0 0.0673056 1.50928 0 0.971717 0 0 0 0 0 0 0 0 0 0 0 0 0 
0.985405 0 3.9973 0 0 12.563 0 0.0344892 0 0 0 0 0 0.132814 0 0 0 0 0 0 0 0 1.72846 0 28.0322 0 0 0 2.97825 0 
0 0 3.90969 0 0 12.2876 0 0 0 0 0 0 0 0 0 0 0.963807 0 0 0 0 0.0337333 1.70273 0 22.3192 0 0 0.0551344 1.23635 0 

0.980301 0 3.97659 0 0 0 0 0.0343106 1.72263 0 22.7787 0 0 0 0 0 0 0 0 12.4979 0 0 0 0 0 0 0 0.0568774 1.27544 0 
0 0 22.2452 0 0 0 0 0 0 0 0 0 0 0 6.43052 0 4.53627 0 0 57.9484 0 0.15877 4.12974 0 107.1 0 0 0.286767 0 0 

0.968347 0 3.9281 0 0 12.3455 0 0.0338922 0 0 22.5121 0 0 0 1.25714 0 0 0 0 0 0 0 1.70883 0 0 0 0 0.0560613 0 0 
8.9416 0 44.8604 0 0 113.997 0 0.312956 7.12138 0 207.699 0 0 0 11.5507 0 0 0 0 0 0 0 0 0 0 0 0 0.515096 0 0 






















































































































































































0 0 1 0 1 0 1 0 2 0 0 
































































































0 0 0 0 1 0 1 0 1 0 0 0 























































































0 0 1 0 1 0 1 0 2 0 0 0 











































0 0 0 0 0.5 0 1 0 1 0 0 0 

0 0 0 0 0.5 0 1 0 1 0 0 0 



0.0111656 0 0.0935651 0 0.646844 0 1.22002 0 1.02379 0 0 0 
0.0110888 0 0.115694 0 1.10068 0 1.20795 0 1.04622 0 0.000668599 0 































6.10443e-05 0 1.08877 0 1.12562 0 1.13776 0 2.04422 0 0.0080898 0 































































































0 0 1 0 1 0 2 0 2 0 0 0 


0.0658289 0 1.22801 0 1.73129 0 2.10933 0 1.87133 0 0 0 









































0.24921 0 3.34564 0 4.47389 0 5.86025 0 2.61598 0 0 0 










0 0 1 0 1 0 2 0 2 0 0 0 
















































0 0 1 0 1 0 1 0 2 0 0 0 






0.00765854 0 1.08399 0 1.11263 0 1.17633 0 2.0379 0 0 0 
0.00768028 0 1.08707 0 1.1175 0 1.18003 0 2.04405 0 0 0 















0 0 1 0 1 0 1 0 2 0 0 0 



























































0 0 1 0 1 0 1 0 2 0 0 0 








0 0 0.682412 0 1.69015 0 1.02926 0 1.67323 0 0.00132333 0 









0 0 1 0 1 0 1 0 2 0 0 0 









0 0 0 0 1 0 1 0 1 0 0 0 







0 0 1 0 1 0 1 0 2 0 0 0 




0 0 0 0 1 0 1 0 1 0 0 0 
0 0 1 0 1 0 1 0 2 0 0 0 




























































































































































































0 0 0 0 1 0 1 0 1 0 0 0 

0 0 0 1 -0 0 1 0 -0 0 0 0 
0 0 0 0 1 0 1 0 1 0 0 0 




0 0 0 0 1 0 1 0 1 0 0 0 










































































































































































































































































































































0 0 0 -0 1 0 1 0 1 0 0 0 
0 0 0 0 1 0 1 0 1 0 0 0 



0 0 0 -0 1 0 1 0 1 0 0 0 













0.116529 0 1.53051 0 2.40863 0 2.73246 0 1.76585 0 0.00375219 0 





















0 0 3.77726 0 4.87375 0 5.70452 0 3.4903 0 0.236161 0 


























0 0 1 0 1 0 1 0 2 0 0 0 














0 0 0 0 0.5 0 1 0 1 0 0 0 



0 0 -0 1 0 1 0 1 0 0 0 
























0 0 0 0 1 0 1 0 1 0 0 0 
































0 0 0 1 -0 0 1 0 -0 0 0 0 
0 0 0.0354258 0 0.56106 0 1.07922 0 1.01958 0 0.00390496 0 

0 0 0.0931054 0 0.633505 0 1.1369 0 1.06113 0 0.00783979 0 




















































































0 0 0 0 1 0 1 0 1 0 0 0 





0 0 1 0 1 0 1 0 2 0 0 0 

-0 0 1 0 1 0 1 0 2 0 0 0 







0 0 1 0 1 0 1 0 2 0 0 0 








0 0 1 0 1 0 1 0 2 0 0 0 













0 0 1.09923 0 1.12289 0 1.16082 0 2.05538 0 0.00794162 0 







































































0 0 0 1 0 -0 1 0 0 -0 0 







0 0 1 0 1 0 2 0 2 0 0 0 




















-0 0 0.333334 0 1.33334 0 0.666667 0 1.33334 0 0 0 



0 0 1 0 1 0 1 0 2 0 0 0 






















0 0 1 0 1 0 1 0 2 0 0 0 






0.0113915 0 0.0893872 0 1.10483 0 1.23543 0 1.03523 0 0 0 


























































0 0 0 1 0 -0 1 0 0 -0 0 0 





















































0 0 0 1 0 -0 1 0 0 -0 0 0 
0 0 0 0.948911 0.0457411 0 1.03634 0 0.000894067 0 0.00387329 0 









































































0.0129301 0 0 0.919748 0.184057 0 1.23636 0 0.0187521 0 0 0 
0 0 0 0 1 0 1 0 1 0 0 0 




































































































0.00773378 0 0 0.927245 0.113784 0 0.141892 0 0.0244606 0 0 0 














0 0 0 1 0 0 1 0 -0 0 0 0 





0 0 0 -0 1 0 1 0 1 0 0 0 







































































































0.0163175 0 0 0.848728 0.212179 0 1.26254 0 0.0380204 0 0 0 





































































































































